0101000000011000
0101000000101001
0101000011111010
0101000110000001
0110111111110001
0101000000000010
0101000110010011
0110111111110011
0101000100000100
0110111111110100
0101000000000101
0101000101000110
0110111111110110
0101000000000111
0010011000000001
0010001000110010
1111001000000010
1111010000011010
0010001001000101
0010001001100111
1010100001011011
0101000111001100
0110111111111100
0010011010111100
1010100101111101
0101000111011110
0110111111111110
0010011011011110